GICXFNeutralAmps,time
0.108095,0
0.118288,60
0.110732,120
0.11967,180
0.113371,240
0.120513,300
0.103809,360
0.119132,420
0.127993,480
0.129328,540
0.154141,600
0.126773,660
0.083267,720
0.066472,780
0.073636,840
0.113556,900
0.098239,960
0.081529,1020
0.087027,1080
0.080331,1140
0.094699,1200
0.099295,1260
0.103772,1320
0.10094,1380
0.101595,1440
0.099628,1500
0.090702,1560
0.079042,1620
0.068791,1680
0.086376,1740
0.064519,1800
0.068509,1860
0.07688,1920
0.087895,1980
0.118019,2040
0.093249,2100
0.103964,2160
0.062466,2220
0.026157,2280
-0.079748,2340
-0.203397,2400
-0.207196,2460
-0.216295,2520
-0.177189,2580
-0.0851,2640
-0.009633,2700
0.023995,2760
0.013311,2820
-0.005371,2880
-0.049634,2940
-0.034939,3000
0.016127,3060
0.04955,3120
0.064608,3180
0.04363,3240
-0.00484,3300
-0.008791,3360
0.004145,3420
0.03261,3480
0.036114,3540
0.054612,3600
0.041111,3660
0.036205,3720
0.026736,3780
0.012564,3840
0.032305,3900
0.053895,3960
0.068358,4020
0.059424,4080
0.064321,4140
-0.026364,4200
0.052885,4260
0.059734,4320
-0.025403,4380
-0.011413,4440
0.008178,4500
0.040975,4560
0.022071,4620
0.05511,4680
0.055312,4740
0.107188,4800
0.067426,4860
0.065027,4920
0.071178,4980
0.000309,5040
0.003953,5100
0.074005,5160
0.002836,5220
0.025088,5280
0.023602,5340
0.036497,5400
-0.01968,5460
0.000427,5520
0.026398,5580
0.006089,5640
-0.013839,5700
-0.023071,5760
-0.022393,5820
-0.019283,5880
-0.037107,5940
-0.067485,6000
-0.034445,6060
-0.017374,6120
-0.019578,6180
-0.011509,6240
-0.002969,6300
0.020555,6360
0.013613,6420
0.003886,6480
-0.012623,6540
-0.012565,6600
-0.02493,6660
-0.034316,6720
-0.056647,6780
-0.047309,6840
-0.083751,6900
-0.042388,6960
-0.017078,7020
-0.000736,7080
0.027181,7140
0.059911,7200
0.078044,7260
0.119713,7320
0.086442,7380
0.102965,7440
0.105634,7500
0.094047,7560
0.097022,7620
0.110984,7680
0.116395,7740
0.134786,7800
0.125395,7860
0.084353,7920
0.043985,7980
0.017799,8040
0.008553,8100
0.014794,8160
0.004173,8220
0.055284,8280
0.074925,8340
0.062563,8400
0.001384,8460
-0.025678,8520
-0.026682,8580
0.106043,8640
0.130176,8700
0.130449,8760
0.074034,8820
0.043421,8880
0.047793,8940
0.059264,9000
0.001138,9060
-0.098147,9120
-0.067398,9180
-0.058071,9240
-0.030411,9300
0.01482,9360
0.05121,9420
0.063075,9480
0.052044,9540
0.024391,9600
0.002473,9660
0.003268,9720
0.004424,9780
-0.015692,9840
-0.02944,9900
-0.05727,9960
-0.035846,10020
0.01966,10080
0.075685,10140
0.096478,10200
0.100294,10260
0.102626,10320
0.095544,10380
0.091474,10440
0.080219,10500
0.076679,10560
0.076958,10620
0.055003,10680
0.046821,10740
-0.002842,10800
0.026719,10860
0.035224,10920
0.036658,10980
0.046721,11040
0.024776,11100
0.024072,11160
0.012661,11220
-0.068834,11280
-0.30391,11340
-0.472706,11400
-0.386898,11460
-0.304328,11520
-0.188653,11580
-0.18645,11640
-0.459154,11700
-0.419626,11760
-0.341218,11820
-0.20938,11880
-0.126625,11940
-0.10281,12000
-0.038062,12060
0.029823,12120
0.046281,12180
0.04293,12240
0.042302,12300
0.007871,12360
-0.25213,12420
-0.45393,12480
-0.469306,12540
-0.310248,12600
-0.209562,12660
-0.089046,12720
0.06238,12780
0.141282,12840
0.153658,12900
0.141214,12960
0.13481,13020
0.148581,13080
0.099948,13140
0.083846,13200
0.08165,13260
0.098812,13320
0.101826,13380
0.113964,13440
0.138391,13500
0.148349,13560
0.118948,13620
0.078903,13680
0.041724,13740
0.062413,13800
0.055874,13860
0.047505,13920
0.070071,13980
0.0578,14040
0.038243,14100
0.037223,14160
0.035589,14220
0.044138,14280
0.060997,14340
0.063434,14400
0.080667,14460
0.076028,14520
0.094424,14580
0.068726,14640
0.093333,14700
0.077921,14760
0.060675,14820
0.068956,14880
0.066541,14940
0.059027,15000
0.043218,15060
0.066287,15120
0.052967,15180
0.02632,15240
0.010414,15300
0.036666,15360
0.128961,15420
0.154759,15480
0.157035,15540
0.091948,15600
0.04851,15660
0.069703,15720
0.085599,15780
0.091752,15840
0.084934,15900
0.114509,15960
0.13399,16020
0.141716,16080
0.132366,16140
0.096791,16200
0.071257,16260
0.022019,16320
0.045773,16380
0.055668,16440
0.091414,16500
0.094792,16560
0.129674,16620
0.139647,16680
0.134347,16740
0.137084,16800
0.130564,16860
0.15427,16920
0.157531,16980
0.133442,17040
0.118542,17100
0.092011,17160
0.091536,17220
0.059769,17280
0.072054,17340
0.132977,17400
0.118853,17460
0.103269,17520
0.111603,17580
0.068381,17640
0.078077,17700
0.081469,17760
0.064777,17820
0.089117,17880
0.07658,17940
0.058493,18000
0.018392,18060
0.056202,18120
0.080197,18180
0.094624,18240
0.062131,18300
0.087783,18360
0.090169,18420
0.093379,18480
0.069919,18540
0.02399,18600
0.026496,18660
-0.005956,18720
-0.033561,18780
0.020051,18840
0.054459,18900
0.106094,18960
0.125944,19020
0.130569,19080
0.122403,19140
0.11272,19200
0.145915,19260
0.145293,19320
0.145329,19380
0.152662,19440
0.161867,19500
0.182591,19560
0.185274,19620
0.167811,19680
0.182312,19740
0.202549,19800
0.197647,19860
0.241123,19920
0.276113,19980
0.255206,20040
0.228879,20100
0.197844,20160
0.188679,20220
0.167305,20280
0.14122,20340
0.134347,20400
0.128658,20460
0.120018,20520
0.134929,20580
0.102592,20640
0.075304,20700
0.085967,20760
0.068807,20820
0.04679,20880
0.047619,20940
0.063101,21000
0.103463,21060
0.103981,21120
0.037269,21180
0.015894,21240
0.045248,21300
0.047965,21360
0.097885,21420
0.129162,21480
0.111357,21540
0.110441,21600
0.141173,21660
0.124551,21720
0.090887,21780
0.081641,21840
0.096987,21900
0.069935,21960
0.071049,22020
0.050913,22080
0.05048,22140
0.04406,22200
0.044092,22260
0.060438,22320
0.07743,22380
0.097898,22440
0.121073,22500
0.128307,22560
0.135873,22620
0.131666,22680
0.128232,22740
0.116153,22800
0.106342,22860
0.109551,22920
0.124873,22980
0.136329,23040
0.140763,23100
0.131306,23160
0.112945,23220
0.101805,23280
0.078083,23340
0.079501,23400
0.071581,23460
0.060624,23520
0.044178,23580
0.037407,23640
0.023381,23700
0.027971,23760
0.016227,23820
0.012712,23880
0.024121,23940
0.013294,24000
-0.002467,24060
-0.004645,24120
-0.007922,24180
-0.013921,24240
-0.004669,24300
-0.000177,24360
0.022214,24420
0.015968,24480
-0.001849,24540
0.00588,24600
0.00816,24660
0.013534,24720
0.004036,24780
-0.01357,24840
0.002675,24900
0.020003,24960
0.024498,25020
0.016639,25080
0.027243,25140
0.039118,25200
0.026547,25260
0.027971,25320
0.022084,25380
0.015382,25440
-0.00678,25500
-0.009754,25560
-0.023177,25620
-0.025741,25680
-0.007702,25740
-0.001707,25800
0.008369,25860
0.005602,25920
0.02088,25980
0.013401,26040
0.007779,26100
0.014164,26160
0.008316,26220
-0.017364,26280
-0.077419,26340
-0.135453,26400
-0.17873,26460
-0.226962,26520
-0.215559,26580
-0.198443,26640
-0.216525,26700
-0.196745,26760
-0.168875,26820
-0.152158,26880
-0.104845,26940
-0.052505,27000
-0.025022,27060
-0.029183,27120
-0.007685,27180
-0.046273,27240
-0.030863,27300
-0.036274,27360
-0.030519,27420
-0.015237,27480
-0.022722,27540
0.005083,27600
-0.012914,27660
-0.007189,27720
0.002175,27780
-0.007436,27840
-0.022095,27900
-0.01786,27960
-0.030448,28020
-0.002249,28080
0.009456,28140
0.001626,28200
0.016705,28260
0.011608,28320
0.011477,28380
0.035958,28440
0.052339,28500
0.058455,28560
0.077625,28620
0.095896,28680
0.091018,28740
0.079342,28800
0.05309,28860
0.059364,28920
0.049314,28980
0.070458,29040
0.072482,29100
0.102735,29160
0.108715,29220
0.125726,29280
0.156637,29340
0.108669,29400
0.09494,29460
0.082441,29520
0.077798,29580
0.045468,29640
0.018478,29700
0.01429,29760
-0.006657,29820
-0.031959,29880
-0.029618,29940
-0.034499,30000
-0.037553,30060
-0.019232,30120
-0.011707,30180
0.015752,30240
0.028505,30300
0.035291,30360
0.028964,30420
0.010599,30480
0.024535,30540
0.028187,30600
0.045911,30660
0.039472,30720
0.022059,30780
-0.020725,30840
-0.019821,30900
-0.018627,30960
-0.004773,31020
0.010477,31080
0.018933,31140
0.028029,31200
0.012489,31260
0.027559,31320
0.023523,31380
-0.005613,31440
-0.004839,31500
-0.006399,31560
0.01578,31620
0.028407,31680
0.02891,31740
0.007313,31800
0.0347,31860
0.018152,31920
0.021003,31980
0.019811,32040
0.022539,32100
0.039971,32160
0.025475,32220
0.041544,32280
0.057834,32340
0.084231,32400
0.086103,32460
0.075763,32520
0.019231,32580
-0.068408,32640
-0.037515,32700
0.016849,32760
0.04836,32820
0.045346,32880
0.017756,32940
0.008334,33000
0.026367,33060
0.069562,33120
0.076327,33180
0.064462,33240
0.035837,33300
0.024148,33360
0.004063,33420
-0.017243,33480
-0.027783,33540
-0.028173,33600
-0.010407,33660
0.01486,33720
0.033568,33780
0.018727,33840
0.003067,33900
0.034214,33960
0.076088,34020
0.095906,34080
0.097566,34140
0.088348,34200
0.067925,34260
0.047285,34320
0.023041,34380
0.000419,34440
-0.023643,34500
-0.017969,34560
0.000001,34620
0.007887,34680
-0.017289,34740
-0.033228,34800
-0.046181,34860
-0.060078,34920
-0.04205,34980
-0.03155,35040
-0.032319,35100
-0.038449,35160
-0.034715,35220
-0.002526,35280
0.003474,35340
0.025028,35400
0.068665,35460
0.051872,35520
0.057682,35580
0.054241,35640
0.06865,35700
0.096042,35760
0.10168,35820
0.088162,35880
0.03684,35940
0.034552,36000
0.045938,36060
0.074993,36120
0.068832,36180
0.083924,36240
0.07386,36300
0.081082,36360
0.104011,36420
0.093249,36480
0.098157,36540
0.083457,36600
0.084195,36660
0.074745,36720
0.067062,36780
0.047345,36840
0.037768,36900
0.0357,36960
0.018346,37020
0.007523,37080
0.001831,37140
-0.003541,37200
-0.008313,37260
-0.003014,37320
-0.009862,37380
-0.000485,37440
0.002194,37500
0.008221,37560
0.006561,37620
0.026168,37680
0.047313,37740
0.044646,37800
0.04751,37860
0.037614,37920
0.007618,37980
0.011937,38040
0.012572,38100
-0.00269,38160
-0.011475,38220
-0.01692,38280
-0.009069,38340
-0.003553,38400
-0.008372,38460
-0.008592,38520
-0.01439,38580
-0.029169,38640
-0.018398,38700
-0.020669,38760
-0.007874,38820
-0.005608,38880
0.001748,38940
0.015737,39000
0.024337,39060
0.031607,39120
0.043837,39180
0.036489,39240
0.040255,39300
0.034906,39360
0.048246,39420
0.054724,39480
0.071929,39540
0.061305,39600
0.056818,39660
0.052454,39720
0.036892,39780
0.031904,39840
0.029962,39900
0.027431,39960
0.034806,40020
0.035795,40080
0.055287,40140
0.045691,40200
0.04717,40260
0.055872,40320
0.049897,40380
0.064944,40440
0.053268,40500
0.054791,40560
0.045659,40620
0.029753,40680
0.038092,40740
0.011866,40800
0.027528,40860
0.065164,40920
0.051162,40980
0.045161,41040
0.043831,41100
0.061307,41160
0.070788,41220
0.054901,41280
0.061675,41340
0.062117,41400
0.076563,41460
0.082046,41520
0.059717,41580
0.052164,41640
0.046718,41700
0.058284,41760
0.09036,41820
0.062446,41880
0.055883,41940
0.061902,42000
0.037816,42060
0.025126,42120
0.024987,42180
0.030162,42240
0.033053,42300
0.03744,42360
0.038199,42420
0.049958,42480
0.04939,42540
0.025396,42600
0.01219,42660
-0.026217,42720
0.004334,42780
0.025507,42840
0.026644,42900
0.028101,42960
-0.027714,43020
-0.029019,43080
-0.044164,43140
-0.044194,43200
-0.050014,43260
-0.014691,43320
-0.003838,43380
-0.009331,43440
-0.004921,43500
-0.01195,43560
-0.014451,43620
-0.014474,43680
-0.029373,43740
-0.018601,43800
0.010481,43860
0.01768,43920
0.018092,43980
-0.006284,44040
-0.012626,44100
-0.022654,44160
-0.022537,44220
-0.039472,44280
-0.026242,44340
-0.026572,44400
-0.015826,44460
-0.002683,44520
-0.025951,44580
-0.016271,44640
0.004038,44700
0.015072,44760
0.032948,44820
0.03627,44880
0.024915,44940
0.025094,45000
0.033692,45060
0.030164,45120
0.037435,45180
0.042059,45240
0.041763,45300
0.046658,45360
0.052063,45420
0.06916,45480
0.088505,45540
0.088422,45600
0.074665,45660
0.08493,45720
0.091709,45780
0.100311,45840
0.119967,45900
0.134284,45960
0.123961,46020
0.084812,46080
0.076636,46140
0.060005,46200
0.057169,46260
0.07515,46320
0.074576,46380
0.090172,46440
0.086639,46500
0.078958,46560
0.095862,46620
0.087661,46680
0.078313,46740
0.106515,46800
0.101236,46860
0.107251,46920
0.108978,46980
0.095134,47040
0.113469,47100
0.115312,47160
0.12177,47220
0.140252,47280
0.120263,47340
0.159242,47400
0.184293,47460
0.178494,47520
0.184994,47580
0.199599,47640
0.208276,47700
0.204144,47760
0.198511,47820
0.171578,47880
0.14897,47940
0.137209,48000
0.109314,48060
0.094166,48120
0.08115,48180
0.08021,48240
0.08245,48300
0.083194,48360
0.091162,48420
0.090924,48480
0.10128,48540
0.103662,48600
0.118876,48660
0.123793,48720
0.147076,48780
0.158893,48840
0.180557,48900
0.194198,48960
0.197954,49020
0.196057,49080
0.183866,49140
0.171017,49200
0.164268,49260
0.160974,49320
0.179688,49380
0.167491,49440
0.161505,49500
0.173087,49560
0.191883,49620
0.159672,49680
0.166116,49740
0.129367,49800
0.10057,49860
0.104686,49920
0.158276,49980
0.208363,50040
0.270508,50100
0.277099,50160
0.272788,50220
0.261172,50280
0.250101,50340
0.207067,50400
0.168129,50460
0.153405,50520
0.140698,50580
0.1753,50640
0.167981,50700
0.184024,50760
0.17659,50820
0.157555,50880
0.176162,50940
0.176952,51000
0.190912,51060
0.215964,51120
0.201545,51180
0.206653,51240
0.212392,51300
0.210783,51360
0.238012,51420
0.196812,51480
0.22219,51540
0.207669,51600
0.195286,51660
0.253581,51720
0.177338,51780
0.274021,51840
0.255578,51900
0.235865,51960
0.194163,52020
0.173282,52080
0.143161,52140
0.076949,52200
-0.01912,52260
-0.051566,52320
-0.054703,52380
-0.08834,52440
-0.071831,52500
-0.00138,52560
0.049581,52620
-0.028533,52680
-0.05838,52740
-0.070368,52800
-0.075507,52860
-0.081421,52920
-0.116243,52980
-0.106066,53040
-0.114864,53100
-0.097116,53160
-0.080725,53220
-0.037155,53280
0.052532,53340
0.043397,53400
-0.055656,53460
0.017596,53520
0.156425,53580
0.078308,53640
0.097487,53700
0.135627,53760
0.085086,53820
0.071823,53880
0.117522,53940
0.198504,54000
0.204148,54060
0.187991,54120
0.139037,54180
0.145709,54240
0.119531,54300
0.006465,54360
0.035483,54420
0.036894,54480
0.003064,54540
-0.003113,54600
0.000215,54660
-0.023807,54720
-0.035402,54780
-0.079127,54840
-0.159052,54900
-0.192161,54960
-0.100862,55020
-0.087913,55080
-0.158894,55140
-0.187103,55200
-0.10241,55260
-0.005139,55320
0.048392,55380
0.068601,55440
0.138614,55500
0.09907,55560
0.106387,55620
0.055044,55680
-0.040355,55740
-0.188655,55800
-0.212068,55860
-0.199306,55920
0.038919,55980
0.214828,56040
0.321531,56100
0.280655,56160
0.16943,56220
0.083937,56280
0.085527,56340
0.089624,56400
0.128478,56460
0.181877,56520
0.096192,56580
-0.052401,56640
-0.058037,56700
0.060593,56760
0.144839,56820
0.173836,56880
0.147666,56940
0.026954,57000
-0.117911,57060
-0.191815,57120
-0.074007,57180
-0.000558,57240
-0.078178,57300
-0.168897,57360
-0.142144,57420
-0.015679,57480
-0.004131,57540
-0.019834,57600
-0.095468,57660
-0.168502,57720
-0.193924,57780
-0.124216,57840
-0.085216,57900
-0.068197,57960
-0.161635,58020
-0.053293,58080
-0.08571,58140
-0.19184,58200
-0.237991,58260
-0.17724,58320
-0.111037,58380
-0.081399,58440
-0.047438,58500
0.006185,58560
0.015791,58620
-0.019176,58680
-0.024603,58740
-0.093654,58800
-0.156733,58860
-0.138496,58920
-0.03077,58980
-0.098291,59040
-0.196618,59100
-0.133438,59160
-0.104665,59220
-0.114468,59280
-0.082196,59340
-0.046107,59400
-0.075902,59460
-0.07927,59520
-0.052544,59580
-0.056959,59640
-0.130923,59700
-0.114529,59760
-0.184178,59820
-0.214132,59880
-0.256289,59940
-0.239256,60000
-0.172574,60060
-0.200875,60120
-0.18819,60180
-0.14559,60240
-0.199164,60300
-0.310036,60360
-0.171169,60420
-0.030883,60480
0.00063,60540
-0.061891,60600
-0.180893,60660
-0.251564,60720
-0.151407,60780
-0.049611,60840
0.087422,60900
0.00633,60960
-0.18251,61020
-0.245888,61080
-0.264214,61140
-0.192167,61200
-0.001211,61260
-0.073826,61320
-0.168446,61380
-0.110269,61440
-1.210853,61500
-2.530413,61560
0.516993,61620
0.435376,61680
-1.48813,61740
-1.413373,61800
-0.449364,61860
-0.039494,61920
0.067503,61980
-1.055029,62040
0.392405,62100
0.801252,62160
0.126478,62220
0.540704,62280
1.035843,62340
1.249481,62400
1.187178,62460
1.432772,62520
0.798465,62580
0.683726,62640
0.79563,62700
0.797905,62760
0.846365,62820
0.826129,62880
1.197059,62940
1.008832,63000
0.827062,63060
1.361222,63120
1.173405,63180
1.101304,63240
1.112092,63300
0.902351,63360
0.451044,63420
-0.644988,63480
0.04214,63540
-0.188466,63600
-0.392677,63660
-0.648979,63720
-0.086837,63780
-0.255544,63840
0.564824,63900
-0.478816,63960
-0.486291,64020
-0.99874,64080
-0.770831,64140
-0.583491,64200
-1.022985,64260
-0.123569,64320
1.229936,64380
0.653579,64440
0.994523,64500
0.885508,64560
0.602855,64620
-0.017519,64680
-0.606934,64740
-1.199204,64800
-1.481748,64860
-1.834336,64920
-1.022225,64980
-0.939818,65040
-0.333928,65100
-0.457501,65160
0.321288,65220
0.366056,65280
-0.186649,65340
-0.415956,65400
-0.023336,65460
0.908627,65520
0.881944,65580
1.851073,65640
1.925397,65700
2.018703,65760
2.0669,65820
1.927256,65880
1.39618,65940
0.731055,66000
-0.066432,66060
-0.935164,66120
-1.485503,66180
-1.696859,66240
-1.944061,66300
-3.926748,66360
-4.693159,66420
-4.363595,66480
-3.814062,66540
-2.531226,66600
-1.47879,66660
0.070412,66720
0.639944,66780
0.730317,66840
1.040941,66900
0.888529,66960
0.550851,67020
0.687716,67080
0.55355,67140
0.064295,67200
0.097635,67260
0.068217,67320
-0.071321,67380
-0.282466,67440
-0.561882,67500
-0.602256,67560
-0.323378,67620
0.153032,67680
-0.255873,67740
-0.893961,67800
-0.953958,67860
-0.736716,67920
-0.348605,67980
-0.169356,68040
0.079701,68100
0.522275,68160
1.74847,68220
2.942535,68280
2.499533,68340
2.009483,68400
1.934546,68460
1.977903,68520
2.397886,68580
2.762195,68640
2.571079,68700
2.200086,68760
1.456646,68820
0.735054,68880
0.455022,68940
0.494491,69000
0.759769,69060
0.969936,69120
0.804255,69180
1.055963,69240
1.330972,69300
1.575497,69360
1.451828,69420
1.069938,69480
0.961266,69540
1.108636,69600
1.14285,69660
0.420923,69720
-0.097232,69780
0.286301,69840
0.305547,69900
0.148609,69960
0.258748,70020
0.13133,70080
0.053473,70140
-0.341685,70200
-0.442989,70260
-0.326344,70320
-0.216718,70380
-0.256212,70440
-0.099815,70500
-0.048823,70560
-0.528468,70620
-1.977166,70680
-3.338956,70740
-2.920599,70800
-1.671475,70860
-1.160708,70920
-0.581743,70980
-0.577951,71040
-0.763546,71100
-1.230594,71160
-4.501178,71220
-4.424105,71280
-2.514646,71340
-2.340881,71400
-2.089159,71460
-0.807278,71520
-1.112323,71580
-2.316391,71640
-2.018989,71700
-2.39238,71760
-3.241473,71820
-1.207325,71880
0.027279,71940
0.550742,72000
0.865258,72060
0.808363,72120
1.782277,72180
1.300074,72240
0.348481,72300
0.201413,72360
0.173969,72420
0.044439,72480
-0.591235,72540
-0.635299,72600
-0.52088,72660
-1.638941,72720
-1.094305,72780
-1.047267,72840
-1.568707,72900
-1.514132,72960
-1.462986,73020
-0.882388,73080
-0.479782,73140
0.352056,73200
1.004119,73260
0.251559,73320
-0.096129,73380
0.037334,73440
-0.164819,73500
0.78104,73560
-0.071489,73620
0.664153,73680
0.725395,73740
-0.375376,73800
-0.386817,73860
-0.088098,73920
-0.177356,73980
0.219872,74040
0.530315,74100
0.643953,74160
1.643114,74220
0.746566,74280
0.580965,74340
0.155248,74400
0.166515,74460
-0.488168,74520
-1.109066,74580
-1.131941,74640
-0.98727,74700
-0.814903,74760
-2.270852,74820
-1.662613,74880
-0.89612,74940
-0.980262,75000
-1.36641,75060
-1.168662,75120
-1.504953,75180
-2.078932,75240
-1.027922,75300
-1.046993,75360
0.227179,75420
0.889177,75480
2.396351,75540
0.76413,75600
0.085741,75660
-1.316091,75720
-1.513447,75780
-0.721821,75840
0.05003,75900
-0.768884,75960
-1.203186,76020
-0.750275,76080
-0.236299,76140
-0.491453,76200
1.076264,76260
1.41624,76320
1.307853,76380
1.418433,76440
0.858092,76500
-0.00186,76560
0.61138,76620
1.993444,76680
1.629369,76740
-0.234665,76800
-1.171975,76860
-0.689058,76920
0.075552,76980
-0.283707,77040
-0.770902,77100
-1.158062,77160
-1.288253,77220
-1.100703,77280
-0.971143,77340
-1.071774,77400
-1.187068,77460
-0.880383,77520
-0.779868,77580
-0.180798,77640
-0.366558,77700
-1.434455,77760
-2.271776,77820
-2.325171,77880
-2.529298,77940
-2.586391,78000
-1.675163,78060
3.611843,78120
5.365728,78180
4.499328,78240
3.958385,78300
3.706472,78360
3.146279,78420
3.115667,78480
2.673683,78540
1.606423,78600
0.848866,78660
0.219896,78720
0.104066,78780
0.029899,78840
-0.227301,78900
-0.166875,78960
0.075784,79020
1.082529,79080
1.726761,79140
1.825168,79200
0.938513,79260
0.133333,79320
-2.775403,79380
-4.785663,79440
-4.380478,79500
-3.817396,79560
-3.97323,79620
-3.815828,79680
-1.771376,79740
-0.14826,79800
1.22186,79860
1.783,79920
0.848879,79980
0.12378,80040
0.645492,80100
3.18857,80160
3.318357,80220
2.279227,80280
2.104894,80340
1.684384,80400
2.339816,80460
1.840276,80520
1.375296,80580
0.714952,80640
-1.875367,80700
-2.001697,80760
-0.746326,80820
0.246855,80880
0.819844,80940
-0.803937,81000
-2.718741,81060
-3.470319,81120
-4.682348,81180
-10.91982,81240
-9.17239,81300
2.1842,81360
7.652419,81420
4.711236,81480
3.148197,81540
3.352896,81600
4.108237,81660
3.970073,81720
4.065027,81780
4.408962,81840
3.91829,81900
3.727834,81960
4.475389,82020
5.62794,82080
4.30706,82140
3.807049,82200
4.639904,82260
5.842929,82320
6.808299,82380
5.924969,82440
4.822885,82500
4.357111,82560
3.182556,82620
2.832685,82680
2.71478,82740
2.360403,82800
1.76833,82860
1.299017,82920
0.838567,82980
1.153546,83040
0.600685,83100
0.241669,83160
0.562944,83220
0.542793,83280
1.907062,83340
3.839631,83400
5.186824,83460
4.106249,83520
2.960337,83580
3.214624,83640
3.456637,83700
3.257725,83760
3.446405,83820
3.313238,83880
2.765584,83940
2.320959,84000
2.277125,84060
2.187469,84120
2.147859,84180
1.581251,84240
1.118939,84300
0.337293,84360
0.445303,84420
0.46534,84480
0.120127,84540
0.3441,84600
1.125826,84660
1.401435,84720
1.061338,84780
1.044951,84840
1.376377,84900
1.199913,84960
1.135117,85020
0.793511,85080
0.122498,85140
-0.800446,85200
-0.663246,85260
0.618933,85320
2.051188,85380
1.689566,85440
2.367821,85500
3.377187,85560
2.886946,85620
2.478755,85680
2.471177,85740
2.070946,85800
1.684817,85860
1.241002,85920
1.252719,85980
0.777907,86040
0.487027,86100
0.675368,86160
0.642172,86220
0.522175,86280
0.198924,86340
